[0][0] CGO->CGO, 0
[0][1] CGO->CTU, 1.79769e+308
[0][2] CGO->HKG, 6.99427e+06
[0][3] CGO->PEK, 1.79769e+308
[0][4] CGO->SIN, 1.79769e+308
[0][5] CGO->TPE, 6.99427e+06
[0][6] CGO->TXL, 1.79769e+308
[1][0] CTU->CGO, 1.4458e+07
[1][1] CTU->CTU, 0
[1][2] CTU->HKG, 2.14522e+07
[1][3] CTU->PEK, 7.1531e+06
[1][4] CTU->SIN, 1.79769e+308
[1][5] CTU->TPE, 7.1531e+06
[1][6] CTU->TXL, 1.79769e+308
[2][0] HKG->CGO, 1.49917e+07
[2][1] HKG->CTU, 1.79769e+308
[2][2] HKG->HKG, 0
[2][3] HKG->PEK, 1.79769e+308
[2][4] HKG->SIN, 1.79769e+308
[2][5] HKG->TPE, 7.68682e+06
[2][6] HKG->TXL, 1.79769e+308
[3][0] PEK->CGO, 2.11675e+07
[3][1] PEK->CTU, 6.7095e+06
[3][2] PEK->HKG, 2.81617e+07
[3][3] PEK->PEK, 0
[3][4] PEK->SIN, 1.79769e+308
[3][5] PEK->TPE, 1.38626e+07
[3][6] PEK->TXL, 1.79769e+308
[4][0] SIN->CGO, 1.68398e+07
[4][1] SIN->CTU, 1.79769e+308
[4][2] SIN->HKG, 9.53495e+06
[4][3] SIN->PEK, 1.79769e+308
[4][4] SIN->SIN, 0
[4][5] SIN->TPE, 9.53495e+06
[4][6] SIN->TXL, 1.79769e+308
[5][0] TPE->CGO, 7.30488e+06
[5][1] TPE->CTU, 1.79769e+308
[5][2] TPE->HKG, 1.42991e+07
[5][3] TPE->PEK, 1.79769e+308
[5][4] TPE->SIN, 1.79769e+308
[5][5] TPE->TPE, 0
[5][6] TPE->TXL, 1.79769e+308
[6][0] TXL->CGO, 2.67523e+07
[6][1] TXL->CTU, 1.22943e+07
[6][2] TXL->HKG, 3.37466e+07
[6][3] TXL->PEK, 5.5848e+06
[6][4] TXL->SIN, 1.79769e+308
[6][5] TXL->TPE, 1.94474e+07
[6][6] TXL->TXL, 0
